20 games 
depth = 3

sum: Average score:  557.6
([214, 1030, 374, 1510, 248, 270, 314, 690, 398, 344, 554, 630, 634, 430, 548, 590, 774, 318, 628, 654])


zero Tile:Average score:  1410.0
[2112, 1740, 678, 1846, 1184, 1122, 1890, 698, 1684, 2120, 966, 1046, 1794, 1186, 942, 1082, 2190, 946, 1392, 1582]


weight matrix1:Average score:  509.6
[698, 390, 600, 1144, 554, 470, 418, 552, 314, 678, 438, 560, 336, 186, 324, 746, 436, 522, 494, 332]

weight matrix2: Average score:  2262.2
Number of wins: 15/50
Number of wins: 7/20
[1574, 2234, 1626, 1908, 2256, 2132, 2232, 2422, 3264, 1964, 2266, 4332, 2436, 1622, 2602, 2322, 1568, 2990, 2016, 1478]

evaluate_uniformity: Average score:  929.3
[1666, 976, 938, 624, 904, 1084, 1102, 678, 1008, 646, 978, 1460, 870, 1244, 1184, 576, 520, 642, 524, 962]

evaluate_mono:Average score:  1599.7
Number of wins: 1
[1084, 830, 1498, 1974, 820, 1760, 2648, 1480, 1016, 1400, 826, 3132, 2000, 1860, 1524, 1704, 1510, 1470, 1704, 1754]

evaluate_weight_plus_sum: Average score:  2322.3
Number of wins:  8
[3108, 1128, 2098, 2978, 2052, 2596, 1990, 2184, 3284, 882, 4150, 1186, 1142, 3816, 2782, 2224, 3298, 2314, 2120, 1114]

evaluate_weight_plus_sum_zeroTiles:Average score:  2189.7
Number of wins:  7
[2202, 1368, 3956, 2532, 878, 2370, 3322, 3744, 1134, 2312, 1034, 2138, 2680, 2280, 2114, 2080, 2260, 2604, 394, 2392]

weight0.5_sum0.1_zeroTiles0.4: Average score:  2453.4
Number of wins:  9
[1998, 1706, 3582, 3298, 2702, 1152, 2006, 3796, 2254, 4122, 2670, 2508, 1626, 2996, 1916, 1744, 1676, 4042, 1126, 2148]


all: Average score:  2250.2
Number of wins:  8
[904, 1618, 2398, 1124, 1970, 3834, 2154, 1950, 3132, 886, 3032, 3394, 3104, 1856, 3356, 756, 2196, 2020, 2218, 3102]

---------------------------------------------------------------------------------------------
1 game 
depth = 5


sum: Average score:  954.0
[954]

zero tile:Average score:  2886.0
[2886]

weightMatrix2: Average score:  3702.0
[3702]

zeroPlusSum:Average score:  2104.0
[2104]


-----------------------------------------------------------
depth = 3 games = 50
Sum:
Average score:  619.92
Standard deviation:  218.40010465722244
Number of wins:  0
[670, 676, 420, 444, 516, 368, 1042, 802, 458, 540, 706, 776, 334, 626, 794, 622, 642, 912, 704, 600, 356, 452, 842, 390, 440, 396, 1038, 666, 420, 1022, 574, 464, 600, 540, 282, 518, 1164, 406, 824, 408, 636, 892, 446, 302, 928, 782, 464, 808, 454, 830]

zeroTile:
Average score:  1354.96
Standard deviation:  420.22097976747267
Number of wins:  0
[1542, 588, 2036, 1356, 2062, 1108, 1852, 1864, 1156, 1076, 1710, 984, 1080, 1074, 1102, 1146, 1940, 2058, 1408, 1122, 1748, 1050, 1060, 1166, 844, 1144, 1786, 1082, 1840, 1128, 696, 2142, 1396, 1144, 924, 1976, 1624, 2024, 966, 1132, 990, 1138, 1122, 1608, 1868, 1078, 1638, 888, 1540, 742]

weightMatrix:
Average score:  2267.88
Standard deviation:  982.4436347751479
Number of wins:  18
[2284, 1902, 3066, 2298, 1626, 3412, 3096, 3832, 2012, 1088, 1584, 1704, 2656, 1664, 2188, 2382, 2326, 3266, 4264, 694, 1140, 1578, 4078, 2256, 3314, 2238, 3806, 3192, 2210, 1106, 1894, 3312, 1270, 1156, 2020, 1910, 1976, 2974, 
2344, 896, 1178, 2316, 3256, 1202, 1648, 608, 1064, 3868, 1956, 4284]

mono:
Average score:  1674.72
Standard deviation:  414.69393877550567
Number of wins:  0
[1630, 1158, 1912, 1188, 1390, 1920, 1234, 2166, 1138, 1454, 1822, 2116, 2318, 1334, 2300, 1410, 2068, 1404, 1216, 1496, 2518, 1884, 1500, 1224, 2140, 1400, 1594, 2146, 2284, 1950, 1598, 1976, 1146, 1422, 1472, 1938, 1480, 1634, 2150, 2094, 1900, 1492, 2162, 2086, 1272, 1382, 686, 1224, 1204, 2104]

uniform:
Average score:  736.84
Standard deviation:  246.75993125600718
Number of wins:  0
[598, 860, 952, 736, 698, 1196, 590, 496, 578, 1026, 762, 1076, 642, 824, 668, 588, 660, 708, 888, 908, 612, 956, 628, 770, 278, 454, 338, 646, 632, 818, 760, 402, 518, 508, 654, 668, 716, 970, 928, 1450, 348, 482, 970, 680, 642, 1016, 1354, 398, 914, 878]

--------------------------------------------------------------------------------------------------------------------------------------
MIX AND MATCH
DEPTH = 3 AND GAME = 50